frame_idx	x	y	vel_x	vel_y
1	21.42	50.1	-13.2	0.6
1	40.87	49.24	-10.9	0.5
1	57.04	46.65	-6.8	4.6
1	59.22	34.3	0.4	7.1
1	58.74	24.43	0.1	3.9
2	14.64	50.4	-14	0.6
2	35.19	49.49	-12	0.5
2	53.39	48.35	-7.9	1.5
2	59.4	37.94	0.4	7.4
2	58.84	26.55	0.2	4.8
3	7.66	50.71	-13.9	0.6
3	29	49.76	-13	0.6
3	49.3	48.87	-8.8	0.4
3	59.31	41.32	-0.6	6.5
3	58.97	29.13	0.2	5.5
4	22.31	50.06	-14	0.6
4	44.71	49.07	-9.7	0.4
4	58.56	44.49	-3.2	5.8
4	59.11	32.01	0.3	5.9
4	58.68	23.22	0.1	3.5
5	15.18	50.37	-14.8	0.7
5	39.67	49.29	-10.7	0.5
5	56.56	46.98	-5.5	3.6
5	59.25	34.98	0.3	6
5	58.77	25.12	0.2	4.2
6	7.71	50.7	-14.9	0.7
6	34.17	49.54	-11.5	0.5
6	53.61	48.31	-6.5	1.3
6	59.4	38.03	0.4	6.4
6	58.88	27.33	0.2	4.7
7	28.17	49.8	-12.6	0.6
7	50.34	48.82	-7	0.3
7	59.31	41.31	-0.5	5.9
7	59	29.87	0.3	5.1
7	58.63	22.28	0.1	2.5
8	21.69	50.09	-13.5	0.6
8	46.64	48.99	-8	0.3
8	58.61	44.4	-3.4	6.3
8	59.13	32.49	0.3	5.8
8	58.69	23.58	0.2	3.1
9	14.74	50.39	-14.2	0.7
9	42.45	49.17	-9	0.4
9	56.28	47.16	-6.5	4.3
9	59.28	35.53	0.3	6.6
9	58.78	25.29	0.2	3.9
10	7.62	50.71	-14.3	0.6
10	37.78	49.38	-9.9	0.4
10	52.51	48.52	-8.1	1.5
10	59.45	39.01	0.2	7
10	58.88	27.44	0.3	4.9
11	32.66	49.6	-10.7	0.5
11	48.3	48.91	-9	0.4
11	59.22	42.28	-0.6	6.6
11	59.01	30.04	0.3	5.6
11	58.63	22.28	0.1	2.6
12	27.09	49.85	-11.4	0.5
12	43.56	49.12	-10.1	0.5
12	58.03	45.46	-3.3	6.2
12	59.16	33	0.3	6.2
12	58.7	23.76	0.2	3.4
13	21.35	50.1	-11.5	0.5
13	38.33	49.35	-10.8	0.5
13	55.45	47.71	-6	3.7
13	59.31	36.15	0.3	6.3
13	58.8	25.69	0.2	4.4
14	15.62	50.35	-11.5	0.5
14	32.9	49.59	-10.8	0.5
14	52.09	48.6	-6.8	1.3
14	59.48	39.49	-0.6	7.1
14	58.92	28.11	0.2	5.4
15	9.9	50.61	-11.5	0.5
15	27.44	49.83	-11	0.5
15	48.47	48.9	-7.8	0.4
15	59.17	42.8	-0.7	6.9
15	59.05	30.83	0.3	5.6
15	58.64	22.54	0.2	2.8
16	4.15	50.86	-11.5	0.5
16	21.92	50.08	-11.1	0.5
16	44.36	49.09	-8.8	0.3
16	57.7	46.08	-5.3	4.9
16	59.2	33.82	0.3	6.3
16	58.72	24.12	0.2	3.8
17	16.34	50.32	-11.5	0.5
17	39.78	49.29	-9.8	0.4
17	54.66	48.12	-7.4	1.4
17	59.36	37.07	0.3	6.6
17	58.82	26.18	0.3	4.8
18	10.37	50.59	-12.5	0.5
18	34.73	49.51	-10.7	0.5
18	51	48.79	-7.7	0.4
18	59.39	40.47	-0.6	6.4
18	58.95	28.75	0.3	5.7
19	3.94	50.87	-13.4	0.6
19	29.19	49.76	-11.7	0.5
19	46.96	48.97	-8.7	0.4
19	58.94	43.78	-3.3	6
19	59.09	31.58	0.3	5.9
19	58.67	23.06	0.1	3
20	23.18	50.02	-12.2	0.5
20	42.43	49.17	-9.7	0.4
20	57.12	46.6	-5.7	3.8
20	59.23	34.57	0.3	6.1
20	58.75	24.72	0.2	3.8
21	17.07	50.29	-12.2	0.5
21	37.43	49.39	-10.6	0.5
21	54.16	48.21	-6.6	1.2
21	59.38	37.63	0.4	6.4
21	58.85	26.8	0.3	4.8
22	10.95	50.56	-12.2	0.5
22	31.95	49.63	-11.6	0.5
22	50.81	48.8	-7	0.3
22	59.35	40.95	-0.6	6.1
22	58.98	29.4	0.3	5.5
23	4.84	50.83	-12.3	0.5
23	25.98	49.9	-12.6	0.5
23	47.11	48.96	-7.9	0.4
23	58.75	44.14	-3.4	6.2
23	59.11	32.09	0.3	5.9
23	58.68	23.3	0.1	2.9
24	19.69	50.17	-13	0.6
24	42.94	49.15	-8.9	0.4
24	56.54	46.99	-6.6	4.3
24	59.27	35.22	0.3	6.7
24	58.76	24.92	0.2	3.6
25	13.2	50.46	-13	0.6
25	38.32	49.35	-9.8	0.5
25	52.81	48.46	-8.5	1.6
25	59.44	38.73	0.4	7.5
25	58.86	26.93	0.2	4.6
26	6.73	50.75	-12.9	0.5
26	33.24	49.58	-10.7	0.4
26	48.45	48.91	-9.3	0.4
26	59.24	42.11	-0.6	6.7
26	58.98	29.43	0.3	5.6
27	27.68	49.82	-11.6	0.5
27	43.61	49.12	-10.3	0.4
27	58.04	45.45	-3.7	6.9
27	59.13	32.39	0.3	6.5
27	58.69	23.45	0.1	3.4
28	21.79	50.08	-11.8	0.5
28	38.28	49.35	-11	0.5
28	55.03	47.99	-7.7	2
28	59.3	35.85	0.3	7.4
28	58.78	25.38	0.2	4.6
29	15.88	50.34	-11.8	0.5
29	32.78	49.6	-11.2	0.5
29	51.05	48.79	-8.3	0.4
29	59.48	39.59	-0.7	7
29	58.9	27.8	0.3	5.3
30	9.98	50.6	-11.8	0.5
30	27.22	49.84	-11.2	0.5
30	46.73	48.98	-9.2	0.4
30	59.17	42.86	-1	6.7
30	59.04	30.54	0.2	5.7
30	58.64	22.53	0.2	2.7
31	4.06	50.86	-11.8	0.6
31	21.61	50.09	-11.3	0.5
31	41.91	49.19	-10.2	0.5
31	57.64	46.19	-6.2	4.8
31	59.18	33.54	0.4	6.5
31	58.72	24.07	0.2	3.6
32	15.94	50.34	-11.6	0.5
32	36.6	49.43	-11.3	0.5
32	54.14	48.21	-8.2	1.6
32	59.35	37	0.4	7.5
32	58.82	26.05	0.2	4.6
33	9.89	50.61	-12.8	0.5
33	30.76	49.69	-12.3	0.5
33	50.04	48.84	-8.6	0.3
33	59.37	40.69	-0.6	6.2
33	58.94	28.56	0.3	5.6
34	3.29	50.9	-13.7	0.6
34	24.42	49.97	-13.3	0.5
34	45.55	49.03	-9.5	0.5
34	58.81	44.01	-3.6	6.7
34	59.08	31.44	0.3	6.3
34	58.66	22.88	0.2	3.2
35	17.56	50.27	-14.2	0.6
35	40.6	49.25	-10.5	0.5
35	56.41	47.08	-7.1	4.7
35	59.24	34.75	0.4	7.2
35	58.75	24.69	0.2	4.2
36	10.47	50.58	-14.2	0.6
36	35.13	49.49	-11.6	0.5
36	52.35	48.55	-8.8	1.6
36	59.43	38.49	0.3	7.7
36	58.86	26.99	0.3	5.3
37	3.38	50.89	-14.1	0.7
37	29.12	49.76	-12.5	0.5
37	47.78	48.93	-9.6	0.5
37	59.25	41.95	-0.6	6.9
37	59	29.75	0.3	5.7
38	22.65	50.04	-13.6	0.6
38	42.74	49.16	-10.8	0.4
38	58.08	45.38	-3.7	6.9
38	59.15	32.83	0.3	6.8
38	58.7	23.61	0.1	3.9
39	15.69	50.35	-14.5	0.6
39	37.13	49.4	-11.8	0.6
39	55.16	47.9	-7.3	2.6
39	59.32	36.3	0.3	7.1
39	58.8	25.73	0.2	4.7
40	8.44	50.67	-14.4	0.6
40	30.99	49.68	-12.9	0.5
40	51.34	48.74	-7.8	0.7
40	59.45	39.91	-0.7	6.8
40	58.93	28.33	0.3	5.9
41	24.32	49.97	-13.9	0.6
41	47.21	48.96	-8.8	0.4
41	59.13	43.29	-2.9	6.8
41	59.06	31.13	0.3	5.8
41	58.65	22.79	0.2	2.7
42	17.17	50.29	-14.8	0.6
42	42.61	49.16	-9.7	0.5
42	57.33	46.46	-6.1	4.1
42	59.22	34.22	0.3	6.5
42	58.73	24.32	0.2	3.7
43	9.55	50.62	-15.6	0.7
43	37.57	49.39	-10.6	0.4
43	54.15	48.21	-7.3	1.4
43	59.38	37.49	0.3	6.8
43	58.83	26.37	0.2	4.8
44	1.78	50.96	-15.5	0.7
44	32.07	49.63	-11.6	0.5
44	50.52	48.81	-7.6	0.4
44	59.35	40.93	-0.6	6.1
44	58.96	28.98	0.3	5.5
45	26.09	49.89	-12.6	0.6
45	46.48	48.99	-8.6	0.4
45	58.74	44.14	-3.3	6.2
45	59.1	31.8	0.3	6.1
45	58.67	23.13	0.2	3.2
46	19.58	50.18	-13.7	0.6
46	41.98	49.19	-9.6	0.4
46	56.72	46.87	-5.9	3.9
46	59.25	34.87	0.3	6.2
46	58.76	24.96	0.2	4.3
47	12.74	50.48	-13.7	0.6
47	36.98	49.41	-10.6	0.5
47	53.63	48.31	-6.9	1.3
47	59.4	38.01	0.4	6.6
47	58.87	27.25	0.3	4.9
48	5.88	50.78	-13.7	0.6
48	31.47	49.65	-11.5	0.6
48	50.17	48.83	-7.3	0.3
48	59.31	41.33	-0.6	6.5
48	59	29.87	0.3	5.1
48	58.63	22.28	0.1	2.4
49	25.54	49.92	-12.4	0.5
49	46.37	49	-8.2	0.3
49	58.5	44.6	-3.5	6.4
49	59.14	32.62	0.3	6
49	58.7	23.62	0.1	3.2
50	19.22	50.2	-12.8	0.5
50	42.13	49.18	-9.1	0.4
50	56.1	47.28	-6.3	4.2
50	59.29	35.75	0.3	6.4
50	58.79	25.47	0.2	4.3
51	12.82	50.48	-12.8	0.5
51	37.4	49.39	-10.1	0.5
51	52.63	48.5	-7.4	1.4
51	59.45	39.05	0.1	7.1
51	58.9	27.84	0.3	5.4
52	6.42	50.76	-12.7	0.6
52	32.13	49.63	-11.1	0.4
52	48.84	48.89	-8.2	0.3
52	59.21	42.45	-0.7	7.2
52	59.04	30.59	0.3	5.8
52	58.64	22.54	0.2	2.8
53	26.34	49.88	-12.2	0.5
53	44.52	49.08	-9.3	0.4
53	57.83	45.84	-4.4	5.8
53	59.19	33.67	0.3	6.5
53	58.72	24.11	0.2	3.6
54	20.27	50.15	-12.1	0.5
54	39.72	49.29	-10.2	0.5
54	54.91	48.07	-7.3	1.4
54	59.35	36.92	0.3	6.6
54	58.82	26.07	0.2	4.5
55	14.2	50.42	-12.2	0.5
55	34.41	49.52	-11.2	0.5
55	51.27	48.75	-7.4	0.6
55	59.4	40.38	-0.6	6.4
55	58.94	28.5	0.2	5.4
56	8.13	50.68	-12.2	0.6
56	28.59	49.78	-12.3	0.6
56	47.39	48.95	-8.3	0.4
56	59.05	43.58	-3.4	6.2
56	59.07	31.25	0.3	5.9
56	58.66	22.82	0.1	2.9
57	2.05	50.95	-12.1	0.6
57	22.43	50.05	-12.3	0.6
57	43.02	49.14	-9.2	0.5
57	56.99	46.69	-6.9	4.6
57	59.22	34.35	0.4	6.8
57	58.74	24.48	0.2	4
58	16.22	50.33	-12.9	0.5
58	38.21	49.36	-10.2	0.4
58	53.13	48.4	-8.9	1.7
58	59.4	37.93	0.4	7.8
58	58.84	26.65	0.3	4.9
59	9.73	50.61	-13	0.6
59	32.9	49.59	-11.3	0.5
59	48.51	48.9	-9.8	0.5
59	59.3	41.44	-0.6	6.5
59	58.97	29.3	0.3	5.4
60	3.23	50.9	-13	0.6
60	27.08	49.85	-12.1	0.5
60	43.47	49.13	-10.7	0.4
60	58.41	44.77	-3.7	6.8
60	59.12	32.22	0.3	6.5
60	58.68	23.37	0.2	3.1
61	20.8	50.13	-13	0.5
61	37.89	49.37	-11.8	0.5
61	55.7	47.54	-6.7	4.5
61	59.28	35.61	0.4	7.2
61	58.77	25.15	0.2	4.1
62	14.33	50.41	-12.9	0.6
62	31.89	49.64	-12.1	0.5
62	51.87	48.64	-7.8	1.5
62	59.46	39.23	-0.1	7.1
62	58.88	27.43	0.3	5.2
63	7.88	50.7	-12.9	0.5
63	25.83	49.9	-12.3	0.6
63	47.7	48.94	-9	0.4
63	59.19	42.59	-0.6	7.1
63	59.02	30.18	0.3	5.9
63	58.63	22.28	0.1	3
64	19.7	50.17	-12.2	0.6
64	43	49.15	-10.1	0.4
64	57.73	46.04	-5.7	5.4
64	59.17	33.36	0.4	7
64	58.71	23.96	0.2	4.1
65	13.37	50.45	-13.3	0.6
65	37.78	49.38	-11.1	0.5
65	54.41	48.16	-7.9	1.5
65	59.35	36.89	0.3	7.2
65	58.82	26.19	0.3	5.1
66	6.53	50.75	-14.1	0.7
66	32.03	49.63	-12.1	0.5
66	50.45	48.82	-8.3	0.3
66	59.39	40.51	-0.6	6.4
66	58.96	28.96	0.3	5.7
67	25.76	49.91	-13.1	0.5
67	46.16	49.01	-9.1	0.4
67	58.86	43.92	-3.7	6.9
67	59.1	31.79	0.3	6.1
67	58.67	23.11	0.2	3.1
68	18.97	50.21	-14	0.6
68	41.43	49.22	-9.9	0.4
68	56.6	46.95	-6.5	4.3
68	59.26	35.02	0.3	6.7
68	58.76	24.89	0.2	4.2
69	11.95	50.52	-14.1	0.6
69	36.28	49.44	-10.8	0.5
69	53.1	48.41	-7.7	1.4
69	59.42	38.44	0.4	7.2
69	58.87	27.15	0.2	5
70	4.91	50.83	-14	0.6
70	30.64	49.69	-11.8	0.5
70	49.24	48.87	-8.3	0.4
70	59.26	41.84	-0.6	6.9
70	59	29.82	0.3	5.7
70	58.63	22.28	0.1	2.4
71	24.5	49.96	-12.9	0.6
71	44.91	49.06	-9.2	0.4
71	58.21	45.14	-3.4	6.2
71	59.15	32.78	0.3	6.3
71	58.7	23.73	0.2	3.6
72	17.81	50.26	-13.9	0.6
72	40.13	49.27	-10	0.5
72	55.74	47.52	-5.9	3.9
72	59.3	35.92	0.3	6.3
72	58.8	25.72	0.2	4.6
73	10.83	50.57	-14	0.6
73	34.9	49.5	-11.1	0.5
73	52.42	48.54	-7	1.3
73	59.46	39.18	0	6.5
73	58.92	28.12	0.2	5.2
74	3.86	50.87	-14.1	0.6
74	29.17	49.76	-12	0.5
74	48.83	48.89	-7.7	0.3
74	59.21	42.44	-0.7	6.6
74	59.05	30.76	0.2	5.5
74	58.64	22.55	0.2	2.8
75	22.96	50.03	-13	0.6
75	44.76	49.07	-8.8	0.4
75	58.04	45.46	-3.2	5.8
75	59.18	33.54	0.3	5.6
75	58.72	24.14	0.2	3.7
76	16.32	50.32	-13.4	0.6
76	40.12	49.27	-10	0.5
76	55.65	47.58	-5.5	3.6
76	59.32	36.42	0.3	5.7
76	58.82	26.12	0.2	4.3
77	9.59	50.62	-13.5	0.6
77	34.9	49.5	-10.9	0.5
77	52.58	48.51	-6.5	1.2
77	59.47	39.42	-0.4	6.4
77	58.93	28.38	0.2	5
78	2.86	50.92	-13.5	0.6
78	29.2	49.75	-12.1	0.6
78	49.26	48.87	-7.1	0.3
78	59.2	42.55	-0.6	6.3
78	59.06	30.93	0.2	5.1
78	58.65	22.78	0.2	2.4
79	23.08	50.02	-12.2	0.6
79	45.51	49.04	-8.1	0.3
79	57.96	45.59	-3.2	6.1
79	59.19	33.63	0.3	6
79	58.73	24.22	0.1	3.5
80	16.94	50.3	-12.3	0.5
80	41.31	49.22	-9	0.4
80	55.37	47.77	-6	3.3
80	59.34	36.63	0.3	6.1
80	58.82	26.19	0.2	4.5
81	10.79	50.57	-12.3	0.5
81	36.62	49.43	-9.9	0.4
81	52.06	48.6	-6.9	1.3
81	59.46	39.79	-0.7	6.8
81	58.94	28.58	0.3	5.2
82	4.65	50.84	-12.3	0.5
82	31.5	49.65	-10.7	0.5
82	48.49	48.9	-7.7	0.4
82	59.16	42.98	-1.4	6.5
82	59.07	31.21	0.3	5.5
82	58.66	22.79	0.1	2.7
83	25.95	49.9	-11.4	0.5
83	44.44	49.08	-8.8	0.4
83	57.65	46.17	-5.5	4.5
83	59.21	34.14	0.3	6.3
83	58.73	24.34	0.2	3.7
84	20.25	50.15	-11.4	0.5
84	39.88	49.28	-9.7	0.5
84	54.62	48.12	-7.1	1.4
84	59.37	37.31	0.3	6.4
84	58.83	26.38	0.2	4.7
85	14.56	50.4	-11.5	0.5
85	34.84	49.51	-10.7	0.4
85	51.04	48.79	-7.5	0.3
85	59.38	40.66	-0.6	6.3
85	58.95	28.87	0.3	5.6
86	8.86	50.65	-11.4	0.5
86	29.27	49.75	-11.7	0.5
86	47.1	48.97	-8.5	0.3
86	58.83	43.99	-3.6	6.6
86	59.09	31.69	0.3	6.2
86	58.67	23.09	0.2	3.1
87	3.18	50.9	-11.5	0.5
87	23.41	50.01	-11.8	0.5
87	42.67	49.16	-9.5	0.4
87	56.63	46.93	-6.2	4.1
87	59.25	34.92	0.3	6.6
87	58.76	24.83	0.1	4
88	17.51	50.27	-12	0.5
88	37.76	49.38	-10.4	0.4
88	53.25	48.38	-7.5	1.4
88	59.42	38.29	0.3	7.1
88	58.86	27.02	0.3	5
89	11.48	50.54	-12.1	0.5
89	32.4	49.61	-11.3	0.5
89	49.48	48.86	-7.9	0.4
89	59.28	41.67	-0.6	6.3
89	58.99	29.69	0.3	5.2
90	5.46	50.8	-12.1	0.6
90	26.59	49.87	-12.2	0.5
90	45.27	49.05	-9.1	0.4
90	58.35	44.88	-3.6	6.6
90	59.13	32.53	0.3	6.4
90	58.68	23.39	0.2	3.4
91	20.42	50.14	-12.5	0.6
91	40.56	49.25	-10	0.5
91	55.63	47.59	-6.9	4.6
91	59.3	35.87	0.3	7.2
91	58.78	25.24	0.2	4.2
92	14.12	50.42	-12.7	0.6
92	35.31	49.49	-11.2	0.4
92	51.47	48.72	-8.9	0.9
92	59.48	39.6	-0.7	7
92	58.89	27.56	0.3	5.2
93	7.8	50.7	-12.6	0.5
93	29.5	49.74	-12.2	0.6
93	46.8	48.98	-10	0.4
93	59.17	42.86	-1	6.8
93	59.02	30.31	0.3	5.8
93	58.63	22.28	0.1	3
94	1.47	50.98	-12.7	0.5
94	23.24	50.02	-13	0.6
94	41.58	49.21	-11.1	0.5
94	57.68	46.13	-5.6	4.7
94	59.18	33.41	0.3	6.6
94	58.71	23.94	0.2	3.9
95	16.72	50.31	-13.2	0.5
95	35.84	49.46	-12.2	0.6
95	54.61	48.13	-7.2	1.3
95	59.34	36.75	0.3	6.7
95	58.82	26.1	0.2	4.8
96	10.16	50.6	-13.2	0.5
96	29.6	49.74	-12.9	0.5
96	50.98	48.79	-7.6	0.4
96	59.42	40.24	-0.7	6.6
96	58.95	28.72	0.2	5.8
97	3.61	50.88	-13.2	0.6
97	23.22	50.02	-12.8	0.6
97	47.04	48.97	-8.4	0.3
97	59.08	43.51	-3.4	6.3
97	59.08	31.47	0.3	5.8
98	16.75	50.3	-13.5	0.6
98	42.63	49.16	-9.3	0.4
98	57.01	46.67	-6.9	4.6
98	59.23	34.58	0.4	6.9
99	9.81	50.61	-14.4	0.6
99	37.76	49.38	-10.4	0.4
99	53.13	48.4	-9.1	1.7
99	59.41	38.21	0.4	7.8
100	2.41	50.94	-15.3	0.6
100	32.33	49.62	-11.5	0.5
100	48.42	48.91	-10	0.4
100	59.28	41.67	-0.6	6.3
